        15
        54
        58
        71
        99
       100
       103
       123
       125
       136
       145
       146
       152
       158
       163
       178
       181
       186
       191
       202
       233
       245
       256
       260
       261
       273
       313
       333
       336
       338
       353
       360
       366
       372
       383
       405
       411
       414
       414
       421
       434
       438
       446
       455
       462
       488
       500
       514
       517
       523
       524
       536
       547
       557
       559
       565
       576
       600
       607
       609
       624
       626
       645
       646
       654
       661
       697
       699
       706
       707
       716
       717
       728
       730
       739
       741
       747
       777
       803
       846
       848
       848
       869
       869
       871
       871
       881
       900
       902
       916
       919
       929
       935
       936
       941
       941
       964
       972
       995
       995
